5344422D
00020100
00000000
00000000
00000002
00000000
80000000
0000C594
00000001
00000001
140F0C09
746F7000
00000000
00000000
00000000
00000000
00000000
00000020
00000000
00000000
00000000
03000000
80000000
0000C594
00000001
00000001
140F0C09
70657269
70686572
616C0000
00000000
00000002
00000000
00000048
00000001
00000000
00000001
00800000
80000000
0000C594
00000001
00000001
140F0C09
6D656D6F
72790000
00000000
00000000
00000002
00000000
00000000
00000000
00000000
00000000
00000000
00000000
00000000
00000000
00000000
00000000
00000000
00000000
00000000
00000000
000000FF
5344422D
00030100
00000000
00000000
00000000
03000000
80000000
0000C594
00000001
00000001
140F0C09
70657269
70686572
616C0000
00000000
00000000
00000100
00000207
00000000
00000000
00000000
00000380
80000000
00000000
00000000
00000001
140F0C09
53444200
00000000
00000000
00000000
00000001
00000201
00000207
00000000
01000000
00000000
01000008
80000000
0000C594
00000002
00000001
140F0107
6770696F
31000000
00000000
00000000
00000001
00000301
00000207
00000000
02000000
00000000
02000008
80000000
0000C594
00000003
00000001
140F0107
75617274
31000000
00000000
00000000
00000001
00000000
00000000
00000000
00000000
00000000
00000000
00000000
00000000
00000000
00000000
00000000
00000000
00000000
00000000
00000000
000000FF
5344422D
00010100
00000001
00000000
00000001
00800000
80000000
0000C594
00000001
00000001
140F0C09
6D656D6F
72790000
00000000
00000000
00000000
00000602
00000207
00000000
00000000
00000000
00800000
80000000
0000C594
00000000
00000001
140F0107
6D656D31
00000000
00000000
00000000
00000001
00000000
00000000
00000000
00000000
00000000
00000000
00000000
00000000
00000000
00000000
00000000
00000000
00000000
00000000
00000000
000000FF